<1. 원산지 판정 및 비역내산 판정 상세>
   	PRODUCT_COUNT	COO_Y_COUNT	COO_N_COUNT	COO_ERR_COUNT	COO_YT_RATIO	COO_Y_RATIO	COO_N_RATIO	COO_ERROR_RATIO	CTC_NO_COUNT	RVC_NO_COUNT	COMBINE_NO_COUNT	COO_N_COUNT2	CTC_NO_RATIO	RVC_NO_RATIO	COMBINE_NO_RATIO	COO_NT_RATIO
1	11,062	111,484	144,764	9,240	100.0	41.99	54.53	3.48	108,511	17,969	18,284	144,764	74.96	12.41	12.63	100.0



<2. 원산지 판정 에러 현황>
    	ERROR_MSG	CNT
1	재료비 금액 0원	310
3	판정불가(RULE_CONTENTS NULL)	3
4	판정기준이 미 존재 합니다.	2
5	소요량 또는 금액이 0 인 것이 존재합니다.	30
6	HS_CODE 미등록	40



<3. 협정별 원산지 판정 현황>
   	FTA_NAME	PRODUCT_COUNT	COO_Y_COUNT	COO_N_COUNT	COO_ERR_COUNT	COO_Y_RATIO
1	한-APTA	11,062	2,334	8,343	385	21.1
2	한-EFTA	11,062	5,023	5,654	385	45.4
3	한-EU	11,062	5,080	5,597	385	45.9
4	한-RCEP	11,062	5,360	5,317	385	48.5
5	한-UAE	11,062	4,245	6,432	385	38.4
6	한-뉴질랜드	11,062	5,404	5,273	385	48.9
7	한-미	11,062	5,472	5,205	385	49.5
8	한-베트남	11,062	5,360	5,317	385	48.5
9	한-싱가포르	11,062	1,457	9,220	385	13.2
10	한-아세안	11,062	5,236	5,441	385	47.3
11	한-영국	11,062	5,080	5,597	385	45.9
12	한-이스라엘	11,062	5,042	5,635	385	45.6
13	한-인도	11,062	1,448	9,229	385	13.1
14	한-인도네시아	11,062	5,235	5,442	385	47.3
15	한-중국	11,062	2,281	8,396	385	20.6
16	한-중미	11,062	5,234	5,443	385	47.3
17	한-칠레	11,062	5,223	5,454	385	47.2
18	한-캄보디아	11,062	5,235	5,442	385	47.3
19	한-캐나다	11,062	5,347	5,330	385	48.3
20	한-콜롬비아	11,062	5,148	5,529	385	46.5
21	한-튀르키예	11,062	5,080	5,597	385	45.9
22	한-페루	11,062	5,322	5,355	385	48.1
23	한-필리핀	11,062	5,243	5,434	385	47.4
24	한-호주	11,062	5,595	5,082	385	50.6





<1. 협력사별 원산지확인서 수취 현황>
   	VENDOR_NAME	ITEM_COUNT	COO_T_COUNT	COO_Y_COUNT	COO_N_COUNT	NOT_COUNT	COO_RATIO	PO_AMOUNT
1	현대모비스(주)진천	341	5	5	0	336	1.47	  41,020,813,180
2	현대모비스(주)포승	25	2	2	0	23	8	  10,152,062,620
3	현대자동차주식회사	61	0	0	0	61	0	   8,567,027,667
4	(주)경신	397	284	33	251	113	71.54	   7,414,043,467
5	한온시스템(주)	100	66	2	64	34	66	   7,394,339,186
6	(주)두원공조	115	115	3	112	0	100	   5,420,369,432
7	아우모비오일렉트로	46	14	0	14	32	30.43	   4,776,689,461
8	(주)유라코퍼레이션	576	561	3	558	15	97.4	   4,551,250,811
9	피유테크(주)	431	429	429	0	2	99.54	   3,755,621,526
10	(주)모베이스전자	144	136	109	27	8	94.44	   3,312,746,080
11	(주)세지솔로텍	486	484	0	484	2	99.59	   2,575,750,558
12	덴소코리아주식회사	13	9	1	8	4	69.23	   2,540,376,572
13	(주)유성	179	150	150	0	29	83.8	   1,791,039,043
14	엘에스오토모티브테크놀로지스	155	104	5	99	51	67.1	   1,775,756,613
15	(주)세원정공	25	25	0	25	0	100	   1,737,046,947
16	에이치엘만도주식회	14	8	0	8	6	57.14	   1,727,814,196
17	오토리브유한회사	13	4	4	0	9	30.77	   1,671,654,749



<1. 협력사별 원산지확인서 수취 현황>
   	VENDOR_NAME	ITEM_CODE	HS_CODE	UNIT_PRICE	PO_AMOUNT	COO_N
1	현대모비스(주)진천	96560BE030	852691	501,278	   3,770,613,116	미수취
2	현대모비스(주)포승	56300AA670	870894	219,289	   3,748,087,588	미수취
3	현대모비스(주)포승	56300BE030	870894	223,267	   3,119,709,791	미수취
4	현대자동차주식회사	94073AA000	902920	147,411	   2,865,669,840	미수취
5	아우모비오일렉트로	94003BE200	902920	371,252	   2,792,557,544	수취
6	현대모비스(주)진천	91920BE000	853710	156,507	   2,376,558,795	미수취
7	현대모비스(주)진천	96160AADA0UAV		271,728	   1,857,260,880	미수취
8	현대모비스(주)진천	96160AADA0LS5	852859	271,728	   1,392,062,544	미수취
9	현대모비스(주)진천	96560BE020	852691	500,506	   1,234,247,796	미수취
10	한온시스템(주)	97200AADI0	841590	146,735	   1,164,782,430	미수취
11	현대자동차주식회사	94033K2200	902920	148,431	   1,107,888,984	미수취
12	현대모비스(주)진천	940M3BE200	852990	375,599	   1,099,753,872	미수취
13	현대모비스(주)진천	96560AA500NNB	852691	371,993	   1,008,101,030	미수취
14	현대모비스(주)진천	001_SX	870829	3,562,264	    -433,562,264	수취
15	(주)엘엑스하우시스	84704BE010NH6	870829	5,161,692	    -425,161,692	미수취
16	니프코코리아	001_NE	870829	0	    -110,000,000	수취
17	현대모비스(주)진천	96160K2AU0MDD	852859	268,638	     994,766,514	미수취

