<1. 원산지 판정 및 비역내산 판정 상세>
   	PRODUCT_COUNT	COO_Y_COUNT	COO_N_COUNT	COO_ERR_COUNT	COO_YT_RATIO	COO_Y_RATIO	COO_N_RATIO	COO_ERROR_RATIO	CTC_NO_COUNT	RVC_NO_COUNT	COMBINE_NO_COUNT	COO_N_COUNT2	CTC_NO_RATIO	RVC_NO_RATIO	COMBINE_NO_RATIO	COO_NT_RATIO
1	10,367	91,850	148,006	8,952	100.0	36.92	59.49	3.6	114,443	16,238	17,325	148,006	77.32	10.97	11.71	100.0



<2. 원산지 판정 에러 현황>
    	ERROR_MSG	CNT
1	재료비 금액 0원	295
3	판정불가(RULE_CONTENTS NULL)	1
4	소요량 또는 금액이 0 인 것이 존재합니다.	44
5	HS_CODE 미등록	33



<3. 협정별 원산지 판정 현황>
   	FTA_NAME	PRODUCT_COUNT	COO_Y_COUNT	COO_N_COUNT	COO_ERR_COUNT	COO_Y_RATIO
1	한-APTA	10,367	2,471	7,523	373	23.8
2	한-EFTA	10,367	3,996	5,998	373	38.5
3	한-EU	10,367	4,069	5,925	373	39.2
4	한-RCEP	10,367	4,456	5,538	373	43
5	한-UAE	10,367	3,096	6,898	373	29.9
6	한-뉴질랜드	10,367	4,496	5,498	373	43.4
7	한-미	10,367	4,512	5,482	373	43.5
8	한-베트남	10,367	4,456	5,538	373	43
9	한-싱가포르	10,367	1,257	8,737	373	12.1
10	한-아세안	10,367	4,260	5,734	373	41.1
11	한-영국	10,367	4,068	5,926	373	39.2
12	한-이스라엘	10,367	4,000	5,994	373	38.6
13	한-인도	10,367	1,253	8,741	373	12.1
14	한-인도네시아	10,367	4,285	5,709	373	41.3
15	한-중국	10,367	2,373	7,621	373	22.9
16	한-중미	10,367	4,258	5,736	373	41.1
17	한-칠레	10,367	4,355	5,639	373	42
18	한-캄보디아	10,367	4,285	5,709	373	41.3
19	한-캐나다	10,367	4,314	5,680	373	41.6
20	한-콜롬비아	10,367	4,162	5,832	373	40.1
21	한-튀르키예	10,367	4,069	5,925	373	39.2
22	한-페루	10,367	4,427	5,567	373	42.7
23	한-필리핀	10,367	4,288	5,706	373	41.4
24	한-호주	10,367	4,644	5,350	373	44.8




<1. 협력사별 원산지확인서 수취 현황>
   	VENDOR_NAME	ITEM_COUNT	COO_T_COUNT	COO_Y_COUNT	COO_N_COUNT	NOT_COUNT	COO_RATIO	PO_AMOUNT
1	현대모비스(주)진천	363	5	5	0	358	1.38	  38,763,495,527
2	현대모비스(주)포승	24	2	2	0	22	8.33	   9,078,596,539
3	한온시스템(주)	101	66	2	64	35	65.35	   6,427,560,495
4	(주)경신	405	278	31	247	127	68.64	   6,201,418,084
5	(주)두원공조	120	120	3	117	0	100	   5,061,156,462
6	현대자동차주식회사	56	0	0	0	56	0	   4,551,647,371
7	(주)유라코퍼레이션	546	520	29	491	26	95.24	   4,184,700,659
8	아우모비오일렉트로	45	11	0	11	34	24.44	   4,155,924,603
9	피유테크(주)	502	457	457	0	45	91.04	   3,173,151,814
10	(주)모베이스전자	159	144	115	29	15	90.57	   2,966,573,843
11	(주)세지솔로텍	546	514	1	513	32	94.14	   2,530,827,417
12	덴소코리아주식회사	13	9	1	8	4	69.23	   1,782,697,289
13	(주)유성	180	151	151	0	29	83.89	   1,618,913,268
14	(주)세원정공	24	24	0	24	0	100	   1,600,296,484
15	한국알프스(주)	63	15	2	13	48	23.81	   1,583,441,163
16	엘에스오토모티브테크놀로지스	137	99	5	94	38	72.26	   1,501,786,655
17	도림공업(주)	368	357	357	0	11	97.01	   1,389,760,912




<1. 협력사별 원산지확인서 수취 현황>
   	VENDOR_NAME	ITEM_CODE	HS_CODE	UNIT_PRICE	PO_AMOUNT	COO_N
1	현대모비스(주)포승	56300AA670	870894	219,254	   2,579,523,310	미수취
2	현대모비스(주)진천	96560BE030	852691	501,278	   2,202,114,254	미수취
3	현대모비스(주)포승	56300BE030	870894	223,232	   1,944,350,720	미수취
4	현대자동차주식회사	94073AA000	902920	147,411	   1,825,537,824	미수취
5	현대모비스(주)진천	96560BE421		571,043	   1,803,924,837	미수취
6	아우모비오일렉트로	94003BE200	902920	371,252	   1,630,910,036	수취
7	현대모비스(주)진천	91920BE000	853710	156,507	   1,595,432,358	미수취
8	현대모비스(주)진천	96160AADA0UAV		271,728	   1,591,782,624	미수취
9	현대모비스(주)진천	91920BE100		156,507	   1,221,537,135	미수취
10	현대모비스(주)포승	56300DF000	870894	223,232	   1,157,011,456	미수취
11	현대모비스(주)진천	96560BE020	852691	500,506	   1,122,634,958	미수취
12	현대모비스(주)진천	940M3BE200	852990	375,599	   1,057,311,185	미수취
13	니프코코리아	001_NE	870829	0	    -110,000,000	수취
14	현대자동차주식회사	94033K2200	902920	148,431	     983,206,944	미수취
15	현대모비스(주)진천	96160AADA0LS5	852859	271,728	     950,232,816	미수취
16	현대모비스(주)포승	56300BY670	870894	219,435	     889,150,620	미수취
17	한온시스템(주)	97200AADI0	841590	147,073	     889,056,285	미수취

