<1. 원산지 판정 및 비역내산 판정 상세>
   	PRODUCT_COUNT	COO_Y_COUNT	COO_N_COUNT	COO_ERR_COUNT	COO_YT_RATIO	COO_Y_RATIO	COO_N_RATIO	COO_ERROR_RATIO	CTC_NO_COUNT	RVC_NO_COUNT	COMBINE_NO_COUNT	COO_N_COUNT2	CTC_NO_RATIO	RVC_NO_RATIO	COMBINE_NO_RATIO	COO_NT_RATIO
1	11,247	89,009	173,359	7,560	100.0	32.98	64.22	2.8	136,246	18,212	18,901	173,359	78.59	10.51	10.9	100.0


<2. 원산지 판정 에러 현황>
   	ERROR_MSG	CNT
1	재료비 금액 0원	252
3	판정불가(RULE_CONTENTS NULL)	3
4	판정기준이 미 존재 합니다.	2
5	HS_CODE 미등록	33
6	소요량 또는 금액이 0 인 것이 존재합니다.	25



<3. 협정별 원산지 판정 현황>
   	FTA_NAME	PRODUCT_COUNT	COO_Y_COUNT	COO_N_COUNT	COO_ERR_COUNT	COO_Y_RATIO
1	한-APTA	11,247	2,485	8,447	315	22.1
2	한-EFTA	11,247	3,765	7,167	315	33.5
3	한-EU	11,247	3,832	7,100	315	34.1
4	한-RCEP	11,247	4,234	6,698	315	37.6
5	한-UAE	11,247	3,399	7,533	315	30.2
6	한-뉴질랜드	11,247	4,322	6,610	315	38.4
7	한-미	11,247	4,556	6,376	315	40.5
8	한-베트남	11,247	4,234	6,698	315	37.6
9	한-싱가포르	11,247	1,410	9,522	315	12.5
10	한-아세안	11,247	3,988	6,944	315	35.5
11	한-영국	11,247	3,831	7,101	315	34.1
12	한-이스라엘	11,247	3,832	7,100	315	34.1
13	한-인도	11,247	1,399	9,533	315	12.4
14	한-인도네시아	11,247	4,142	6,790	315	36.8
15	한-중국	11,247	2,411	8,521	315	21.4
16	한-중미	11,247	3,984	6,948	315	35.4
17	한-칠레	11,247	4,105	6,827	315	36.5
18	한-캄보디아	11,247	4,142	6,790	315	36.8
19	한-캐나다	11,247	4,206	6,726	315	37.4
20	한-콜롬비아	11,247	3,904	7,028	315	34.7
21	한-튀르키예	11,247	3,832	7,100	315	34.1
22	한-페루	11,247	4,232	6,700	315	37.6
23	한-필리핀	11,247	4,141	6,791	315	36.8
24	한-호주	11,247	4,623	6,309	315	41.1





<1. 협력사별 원산지확인서 수취 현황>
   	VENDOR_NAME	ITEM_COUNT	COO_T_COUNT	COO_Y_COUNT	COO_N_COUNT	NOT_COUNT	COO_RATIO	PO_AMOUNT
1	현대모비스(주)진천	379	1	1	0	378	0.26	  49,789,969,929
2	현대모비스(주)포승	24	0	0	0	24	0	  11,100,490,191
3	(주)경신	444	343	31	312	101	77.25	   8,070,937,900
4	한온시스템(주)	102	66	0	66	36	64.71	   7,858,140,685
5	현대자동차주식회사	63	0	0	0	63	0	   6,720,568,505
6	(주)두원공조	112	112	0	112	0	100	   6,092,141,237
7	피유테크(주)	455	455	455	0	0	100	   5,955,077,593
8	(주)유라코퍼레이션	686	667	3	664	19	97.23	   5,085,728,383
9	(주)세지솔로텍	537	535	0	535	2	99.63	   3,802,250,223
10	(주)모베이스전자	147	141	113	28	6	95.92	   3,693,428,118
11	아우모비오일렉트로	44	19	1	18	25	43.18	   3,597,696,774
12	덴소코리아주식회사	14	10	1	9	4	71.43	   2,791,859,625
13	한국알프스(주)	62	12	0	12	50	19.35	   2,223,174,092
14	엘에스오토모티브테크놀로지스	149	99	1	98	50	66.44	   1,975,719,093
15	(주)세원정공	25	25	0	25	0	100	   1,956,660,422
16	(주)유성	172	152	152	0	20	88.37	   1,939,874,594
17	ITW 오토모티브 코리아	103	26	26	0	77	25.24	   1,766,699,413



<1. 협력사별 원산지확인서 수취 현황>
   	VENDOR_NAME	ITEM_CODE	HS_CODE	UNIT_PRICE	PO_AMOUNT	COO_N
1	아우모비오일렉트로	001_SX	870829	0	  -1,000,000,000	수취
2	현대모비스(주)포승	56300AA670	870894	219,030	   3,923,046,330	미수취
3	현대모비스(주)진천	91920BE000	853710	156,507	   3,734,100,513	미수취
4	현대모비스(주)포승	56300BE030	870894	223,008	   2,680,110,144	미수취
5	현대모비스(주)진천	96560BE030	852691	501,278	   2,606,645,600	미수취
6	현대모비스(주)진천	940M3BE200	852990	375,599	   2,450,407,876	미수취
7	현대모비스(주)진천	96560BE420	852691	545,684	   2,370,996,980	미수취
8	현대모비스(주)진천	96160AADA0UAV		271,728	   1,959,702,336	미수취
9	아우모비오일렉트로	94003BE200	902920	371,252	   1,930,510,400	수취
10	현대자동차주식회사	94073AA000	902920	125,263	   1,930,052,304	미수취
11	현대모비스(주)진천	96160AADA0LS5	852859	271,728	   1,694,495,808	미수취
12	현대모비스(주)포승	56300DF000	870894	223,008	   1,687,724,544	미수취
13	현대모비스(주)진천	96560BE200	852691	533,129	   1,220,332,281	미수취
14	한온시스템(주)	97200AADI0	841590	146,034	   1,165,059,252	미수취
15	현대모비스(주)진천	96560BE020	852691	500,506	   1,069,581,322	미수취
16	현대모비스(주)진천	940M3GI010	852990	381,211	   1,038,799,975	미수취
17	현대모비스(주)진천	96560BE220	852691	581,980	   1,038,252,320	미수취
