<1. 원산지 판정 및 비역내산 판정 상세>
   	PRODUCT_COUNT	COO_Y_COUNT	COO_N_COUNT	COO_ERR_COUNT	COO_YT_RATIO	COO_Y_RATIO	COO_N_RATIO	COO_ERROR_RATIO	CTC_NO_COUNT	RVC_NO_COUNT	COMBINE_NO_COUNT	COO_N_COUNT2	CTC_NO_RATIO	RVC_NO_RATIO	COMBINE_NO_RATIO	COO_NT_RATIO
1	6,632	84,205	67,091	7,872	100.0	52.86	42.12	4.94	48,842	8,647	9,602	67,091	72.8	12.89	14.31	100.0



<2. 원산지 판정 에러 현황>
    	ERROR_MSG	CNT
1	재료비 금액 0원	201
2	기타	3
3	판정불가(RULE_CONTENTS NULL)	1
4	판정기준이 미 존재 합니다.	2
5	소요량 또는 금액이 0 인 것이 존재합니다.	87
6	HS_CODE 미등록	34



<3. 협정별 원산지 판정 현황>
   	FTA_NAME	PRODUCT_COUNT	COO_Y_COUNT	COO_N_COUNT	COO_ERR_COUNT	COO_Y_RATIO
1	한-APTA	6,632	2,475	3,829	328	37.3
2	한-EFTA	6,632	3,500	2,804	328	52.8
3	한-EU	6,632	3,573	2,731	328	53.9
4	한-RCEP	6,632	4,038	2,266	328	60.9
5	한-UAE	6,632	2,624	3,680	328	39.6
6	한-뉴질랜드	6,632	4,139	2,165	328	62.4
7	한-미	6,632	4,422	1,882	328	66.7
8	한-베트남	6,632	4,038	2,266	328	60.9
9	한-싱가포르	6,632	1,409	4,895	328	21.2
10	한-아세안	6,632	3,782	2,522	328	57
11	한-영국	6,632	3,573	2,731	328	53.9
12	한-이스라엘	6,632	3,563	2,741	328	53.7
13	한-인도	6,632	1,398	4,906	328	21.1
14	한-인도네시아	6,632	3,889	2,415	328	58.6
15	한-중국	6,632	2,384	3,920	328	35.9
16	한-중미	6,632	3,780	2,524	328	57
17	한-칠레	6,632	4,027	2,277	328	60.7
18	한-캄보디아	6,632	3,889	2,415	328	58.6
19	한-캐나다	6,632	4,033	2,271	328	60.8
20	한-콜롬비아	6,632	3,673	2,631	328	55.4
21	한-튀르키예	6,632	3,573	2,731	328	53.9
22	한-페루	6,632	4,051	2,253	328	61.1
23	한-필리핀	6,632	3,886	2,418	328	58.6
24	한-호주	6,632	4,486	1,818	328	67.6




<1. 협력사별 원산지확인서 수취 현황>
   	VENDOR_NAME	ITEM_COUNT	COO_T_COUNT	COO_Y_COUNT	COO_N_COUNT	NOT_COUNT	COO_RATIO	PO_AMOUNT
1	현대모비스(주)진천	331	2	2	0	329	0.6	  43,466,672,524
2	현대모비스(주)포승	25	2	2	0	23	8	  10,182,683,147
3	한온시스템(주)	101	69	2	67	32	68.32	   6,482,922,697
4	(주)경신	337	264	39	225	73	78.34	   6,366,400,942
5	현대자동차주식회사	59	0	0	0	59	0	   5,932,100,698
6	피유테크(주)	508	498	498	0	10	98.03	   5,783,278,875
7	(주)두원공조	118	118	3	115	0	100	   5,616,217,668
8	(주)유라코퍼레이션	591	572	2	570	19	96.79	   4,457,933,611
9	아우모비오일렉트로	39	16	0	16	23	41.03	   4,414,589,237
10	(주)세지솔로텍	521	519	0	519	2	99.62	   3,471,145,171
11	(주)모베이스전자	154	154	127	27	0	100	   3,327,159,129
12	덴소코리아주식회사	14	10	1	9	4	71.43	   2,208,597,431
13	한국알프스(주)	65	21	2	19	44	32.31	   1,893,889,589
14	(주)세원정공	24	24	0	24	0	100	   1,766,735,205
15	ITW 오토모티브 코리아	110	28	28	0	82	25.45	   1,737,177,527
16	(주)유성	183	173	173	0	10	94.54	   1,687,816,969
17	엘에스오토모티브테크놀로지스	138	98	5	93	40	71.01	   1,622,675,518



<1. 협력사별 원산지확인서 수취 현황>
   	VENDOR_NAME	ITEM_CODE	HS_CODE	UNIT_PRICE	PO_AMOUNT	COO_N
1	현대모비스(주)진천	91920BE000	853710	161,347	   3,568,350,252	미수취
2	현대모비스(주)포승	56300AA670	870894	218,153	   3,414,967,062	미수취
3	현대모비스(주)포승	56300BE030	870894	224,375	   2,599,160,000	미수취
4	현대모비스(주)진천	96560BE030	852691	513,956	   2,383,727,928	미수취
5	현대모비스(주)진천	96560BE420	852691	561,006	   2,148,652,980	미수취
6	현대자동차주식회사	94073AA000	902920	125,263	   1,912,014,432	미수취
7	현대모비스(주)진천	940M3BE200	852990	389,816	   1,780,679,488	미수취
8	아우모비오일렉트로	94003BE200	902920	380,604	   1,763,718,936	수취
9	현대모비스(주)진천	96560BE200	852691	544,226	   1,663,698,882	미수취
10	현대모비스(주)진천	96160AADA0LS5	852859	271,728	   1,662,160,176	미수취
11	현대모비스(주)진천	96160AADA0UAV		271,728	   1,546,132,320	미수취
12	현대모비스(주)포승	56300DF000	870894	224,375	   1,495,459,375	미수취
13	현대모비스(주)진천	96560BE020	852691	513,956	   1,289,515,604	미수취
14	현대모비스(주)진천	940M3BE000	852990	389,816	   1,208,429,600	미수취
15	한온시스템(주)	97200AADI0	841590	145,073	   1,005,646,036	미수취
16	현대모비스(주)진천	91920BE000	853710	7,041,440	    -107,041,440	미수취
17	현대모비스(주)진천	96160K2AU0MDD	852859	268,638	     948,829,416	미수취
