<1. 원산지 판정 및 비역내산 판정 상세>
   	PRODUCT_COUNT	COO_Y_COUNT	COO_N_COUNT	COO_ERR_COUNT	COO_YT_RATIO	COO_Y_RATIO	COO_N_RATIO	COO_ERROR_RATIO	CTC_NO_COUNT	RVC_NO_COUNT	COMBINE_NO_COUNT	COO_N_COUNT2	CTC_NO_RATIO	RVC_NO_RATIO	COMBINE_NO_RATIO	COO_NT_RATIO
1	11,662	98,780	169,996	11,112	100.0	35.29	60.74	3.97	131,585	18,592	19,819	169,996	77.4	10.94	11.66	100.0


<2. 원산지 판정 에러 현황>
1	재료비 금액 0원	363
3	판정불가(RULE_CONTENTS NULL)	1
4	HS_CODE 미등록	36
5	소요량 또는 금액이 0 인 것이 존재합니다.	63



<3. 협정별 원산지 판정 현황>
   	FTA_NAME	PRODUCT_COUNT	COO_Y_COUNT	COO_N_COUNT	COO_ERR_COUNT	COO_Y_RATIO
1	한-APTA	11,662	2,374	8,825	463	20.4
2	한-EFTA	11,662	4,384	6,815	463	37.6
3	한-EU	11,662	4,462	6,737	463	38.3
4	한-RCEP	11,662	4,784	6,415	463	41
5	한-UAE	11,662	3,534	7,665	463	30.3
6	한-뉴질랜드	11,662	4,831	6,368	463	41.4
7	한-미	11,662	4,775	6,424	463	40.9
8	한-베트남	11,662	4,784	6,415	463	41
9	한-싱가포르	11,662	1,227	9,972	463	10.5
10	한-아세안	11,662	4,619	6,580	463	39.6
11	한-영국	11,662	4,461	6,738	463	38.3
12	한-이스라엘	11,662	4,442	6,757	463	38.1
13	한-인도	11,662	1,221	9,978	463	10.5
14	한-인도네시아	11,662	4,670	6,529	463	40
15	한-중국	11,662	2,319	8,880	463	19.9
16	한-중미	11,662	4,617	6,582	463	39.6
17	한-칠레	11,662	4,689	6,510	463	40.2
18	한-캄보디아	11,662	4,670	6,529	463	40
19	한-캐나다	11,662	4,610	6,589	463	39.5
20	한-콜롬비아	11,662	4,536	6,663	463	38.9
21	한-튀르키예	11,662	4,461	6,738	463	38.3
22	한-페루	11,662	4,748	6,451	463	40.7
23	한-필리핀	11,662	4,664	6,535	463	40
24	한-호주	11,662	4,898	6,301	463	42





<1. 협력사별 원산지확인서 수취 현황>
   	VENDOR_NAME	ITEM_COUNT	COO_T_COUNT	COO_Y_COUNT	COO_N_COUNT	NOT_COUNT	COO_RATIO	PO_AMOUNT
1	현대모비스(주)진천	429	5	5	0	424	1.17	  49,425,445,642
2	현대모비스(주)포승	30	2	2	0	28	6.67	  10,638,969,005
3	현대자동차주식회사	69	0	0	0	69	0	   7,806,652,939
4	한온시스템(주)	123	102	2	100	21	82.93	   7,583,618,536
5	(주)경신	465	283	33	250	182	60.86	   7,421,191,803
6	(주)두원공조	121	121	3	118	0	100	   6,826,291,730
7	(주)유라코퍼레이션	643	561	42	519	82	87.25	   5,656,773,393
8	아우모비오일렉트로	49	9	1	8	40	18.37	   4,765,424,377
9	피유테크(주)	513	453	453	0	60	88.3	   4,074,552,417
10	(주)모베이스전자	155	149	120	29	6	96.13	   3,768,653,751
11	(주)세지솔로텍	525	517	0	517	8	98.48	   3,414,956,172
12	덴소코리아주식회사	15	9	1	8	6	60	   2,342,635,412
13	한국알프스(주)	123	45	2	43	78	36.59	   2,026,880,084
14	(주)세원정공	25	25	0	25	0	100	   2,025,180,402
15	(주)유성	174	149	149	0	25	85.63	   1,939,981,089
16	엘에스오토모티브테크놀로지스	156	109	5	104	47	69.87	   1,870,679,008
17	오토리브유한회사	8	0	0	0	8	0	   1,809,932,475



<1. 협력사별 원산지확인서 수취 현황>
   	VENDOR_NAME	ITEM_CODE	HS_CODE	UNIT_PRICE	PO_AMOUNT	COO_N
1	현대모비스(주)진천	91920BE100		156,507	   3,504,035,223	미수취
2	현대모비스(주)포승	56300AA670	870894	221,457	   2,888,906,565	미수취
3	현대모비스(주)포승	56300BE030	870894	225,435	   2,879,481,255	미수취
4	현대모비스(주)진천	96560BE031		498,071	   2,539,165,958	미수취
5	현대자동차주식회사	94073AA000	902920	147,411	   2,313,763,056	미수취
6	현대모비스(주)진천	96560BE421		571,043	   2,012,926,575	미수취
7	아우모비오일렉트로	94003BE300		380,604	   1,939,938,588	미수취
8	현대모비스(주)진천	96160AADA0UAV		271,728	   1,919,214,864	미수취
9	현대모비스(주)진천	940M3BE200	852990	375,599	   1,799,870,408	미수취
10	현대모비스(주)포승	56300DF000	870894	225,435	   1,575,790,650	미수취
11	현대모비스(주)진천	96160AADA0LS5	852859	271,728	   1,240,166,592	미수취
12	현대모비스(주)포승	56300AA650	870894	221,095	   1,192,586,430	미수취
13	현대모비스(주)포승	56300BY670	870894	221,638	   1,138,554,406	미수취
14	현대자동차주식회사	94033K2200	902920	148,431	   1,068,703,200	미수취
15	현대모비스(주)진천	96560BE021		497,752	   1,051,749,976	미수취
16	현대모비스(주)진천	96528BE002		142,000	   1,051,084,000	미수취
17	현대모비스(주)진천	96160K2AU0MDD	852859	268,638	   1,007,661,138	미수취

