<1. 원산지 판정 및 비역내산 판정 상세>
   	PRODUCT_COUNT	COO_Y_COUNT	COO_N_COUNT	COO_ERR_COUNT	COO_YT_RATIO	COO_Y_RATIO	COO_N_RATIO	COO_ERROR_RATIO	CTC_NO_COUNT	RVC_NO_COUNT	COMBINE_NO_COUNT	COO_N_COUNT2	CTC_NO_RATIO	RVC_NO_RATIO	COMBINE_NO_RATIO	COO_NT_RATIO
1	6,153	74,665	66,191	6,816	100.0	50.56	44.82	4.62	48,529	8,503	9,159	66,191	73.32	12.85	13.84	100.0



<2. 원산지 판정 에러 현황>
   	ERROR_MSG	CNT
1	재료비 금액 0원	207
3	판정불가(RULE_CONTENTS NULL)	1
4	판정기준이 미 존재 합니다.	2
5	소요량 또는 금액이 0 인 것이 존재합니다.	23
6	HS_CODE 미등록	51




<3. 협정별 원산지 판정 현황>
   	FTA_NAME	PRODUCT_COUNT	COO_Y_COUNT	COO_N_COUNT	COO_ERR_COUNT	COO_Y_RATIO
1	한-APTA	6,153	2,199	3,670	284	35.7
2	한-EFTA	6,153	3,047	2,822	284	49.5
3	한-EU	6,153	3,118	2,751	284	50.7
4	한-RCEP	6,153	3,535	2,334	284	57.5
5	한-UAE	6,153	2,565	3,304	284	41.7
6	한-뉴질랜드	6,153	3,603	2,266	284	58.6
7	한-미	6,153	4,085	1,784	284	66.4
8	한-베트남	6,153	3,535	2,334	284	57.5
9	한-싱가포르	6,153	1,201	4,668	284	19.5
10	한-아세안	6,153	3,283	2,586	284	53.4
11	한-영국	6,153	3,118	2,751	284	50.7
12	한-이스라엘	6,153	3,110	2,759	284	50.5
13	한-인도	6,153	1,195	4,674	284	19.4
14	한-인도네시아	6,153	3,451	2,418	284	56.1
15	한-중국	6,153	2,128	3,741	284	34.6
16	한-중미	6,153	3,281	2,588	284	53.3
17	한-칠레	6,153	3,469	2,400	284	56.4
18	한-캄보디아	6,153	3,451	2,418	284	56.1
19	한-캐나다	6,153	3,789	2,080	284	61.6
20	한-콜롬비아	6,153	3,211	2,658	284	52.2
21	한-튀르키예	6,153	3,118	2,751	284	50.7
22	한-페루	6,153	3,534	2,335	284	57.4
23	한-필리핀	6,153	3,468	2,401	284	56.4
24	한-호주	6,153	4,171	1,698	284	67.8




<1. 협력사별 원산지확인서 수취 현황>
   	VENDOR_NAME	ITEM_COUNT	COO_T_COUNT	COO_Y_COUNT	COO_N_COUNT	NOT_COUNT	COO_RATIO	PO_AMOUNT
1	현대모비스(주)진천	350	1	1	0	349	0.29	  33,192,756,795
2	현대모비스(주)포승	25	2	2	0	23	8	   7,507,424,839
3	(주)경신	395	313	38	275	82	79.24	   5,393,080,396
4	현대자동차주식회사	61	0	0	0	61	0	   5,318,732,607
5	한온시스템(주)	100	64	2	62	36	64	   5,291,419,402
6	피유테크(주)	461	453	453	0	8	98.26	   4,503,067,400
7	(주)두원공조	115	115	3	112	0	100	   4,236,738,630
8	(주)유라코퍼레이션	624	604	4	600	20	96.79	   3,552,858,972
9	아우모비오일렉트로	39	16	1	15	23	41.03	   3,285,561,173
10	(주)세지솔로텍	492	490	0	490	2	99.59	   2,764,872,781
11	(주)모베이스전자	147	147	119	28	0	100	   2,478,965,779
12	덴소코리아주식회사	14	10	1	9	4	71.43	   1,810,193,072
13	한국알프스(주)	67	18	0	18	49	26.87	   1,534,944,749
14	ITW 오토모티브 코리아	103	28	28	0	75	27.18	   1,413,792,303
15	(주)유성	165	153	153	0	12	92.73	   1,366,341,990
16	(주)세원정공	23	23	0	23	0	100	   1,338,560,819
17	엘에스오토모티브테크놀로지스	140	99	3	96	41	70.71	   1,315,863,211



<1. 협력사별 원산지확인서 수취 현황>
   	VENDOR_NAME	ITEM_CODE	HS_CODE	UNIT_PRICE	PO_AMOUNT	COO_N
1	현대모비스(주)포승	56300AA670	870894	218,125	   2,693,843,750	미수취
2	현대모비스(주)진천	91920BE000	853710	156,507	   2,502,703,437	미수취
3	현대모비스(주)포승	56300BE030	870894	222,103	   1,791,927,004	미수취
4	현대자동차주식회사	94073AA000	902920	125,263	   1,605,370,608	미수취
5	현대모비스(주)진천	96560BE030	852691	501,278	   1,410,095,014	미수취
6	현대모비스(주)진천	96160AADA0LS5	852859	271,728	   1,273,589,136	미수취
7	현대모비스(주)진천	96160AADA0UAV		271,728	   1,185,005,808	미수취
8	현대모비스(주)진천	940M3BE200	852990	375,599	   1,178,254,063	미수취
9	현대모비스(주)진천	96560BE420	852691	545,684	   1,116,469,464	미수취
10	현대모비스(주)진천	96560BE200	852691	533,129	   1,100,911,385	미수취
11	아우모비오일렉트로	94003BE200	902920	371,252	   1,038,391,844	수취
12	현대모비스(주)진천	96560BE020	852691	500,506	   1,012,523,638	미수취
13	(주)경신	001_SX	870829	2,755,002	    -512,755,002	수취
14	현대모비스(주)포승	56300DF000	870894	222,103	     907,068,652	미수취
15	한온시스템(주)	97200AADI0	841590	145,447	     833,847,651	미수취
16	현대모비스(주)진천	940M3BE100	852990	374,234	     807,596,972	미수취
17	현대모비스(주)진천	940M3BE000	852990	375,599	     801,528,266	미수취

